   0.50073161028933377281   -0.86559353350379542036  0.0039609611793036412011    -709118043.64603257179
   0.86558658458081594311    0.50074493804886921478  0.0037909909194994138339    -1841005956.2576887608
-0.0052648884858346794643  0.0015302858711374563768    0.99998496947423376469     9780359.5851896628737
                       -0                        -0                        -0                         1
                                    
   0.50095124323218997997    -0.8654663688961446999  0.0039769603777462620917    -709585211.18931353092
   0.86545924545745001044    0.50096471027388478348  0.0038279906510202584002    -1840825514.7397890091
-0.0053053139723152654972  0.0015242604520286566309    0.99998476502081268258     9860991.9019244704396
                       -0                        -0                        -0                         1

    0.5009727136897590416   -0.86545285836872654084  0.0042059576459503710683    -709631213.77612447739
   0.86544639771963105535    0.50098731487507308646  0.0037739910411115750594    -1840807441.6101937294
-0.0053733427615109390779  0.0017493643603425825927    0.99998403332848373459     9924214.5442088097334
                       -0                        -0                        -0                         1

    0.5009202523343414537   -0.86548382225322972872  0.0040809581276820602186    -709519444.21865439415
   0.86547664212926611604     0.5009343398513845802  0.0038689903473932405788    -1840850060.0152359009
-0.0053928406197743068359  0.0015939183159210518464    0.99998418822221990521     10010095.000527493656
                       -0                        -0                        -0                         1

   0.50093807148958535702   -0.86547382205280010137  0.0040139598420443596896    -709557248.01042449474
   0.86546676645505460357    0.50095173216314803355  0.0038259906656661697884    -1840836172.9398655891
-0.0053220949002578737605  0.0015573644595786074758    0.99998462484270866923     9883494.8124212417752
                       -0                        -0                        -0                         1

   0.50117738994205041081   -0.86533029752087353703  0.0049699097889187955276    -710067823.15709137917
   0.86531564317802678321    0.50119933073580180682  0.0052979752152808494772    -1840617970.1886620522
-0.0070754139293206039923  0.0016453152951629121826    0.99997361537957973887     13273058.353371238336
                       -0                        -0                        -0                         1

   0.50215667838200273021    -0.8647515883382955737  0.0065848935260525709445    -712154427.37113010883
   0.86474861944717096307     0.5021871571733288464  0.0042289873944611070314    -1839817350.4697835445
-0.0069638725265602705039  0.0035706633229386241547    0.99996937695254861644     12462593.341380635276
                       -0                        -0                        -0                         1
   0.50452636437116704649   -0.86335231302008330623  0.0087138543299749762067    -717203252.57949233055
    0.8633690553266942791    0.50456491339200637558   0.002849996141814067907     -1837861551.686961174
-0.0068572559164478729191  0.0060853739892236160397    0.99995797224918780977      11480171.32913810201
                       -0                        -0                        -0                         1

   0.50963767744229937495    -0.8603451037586673511  0.0087028828388607676336    -728089941.46569776535
   0.86037122129069365517    0.50966624819650163669  0.0012949996380421343375    -1833591294.2484357357
-0.0055497122429346837022  0.0068277293290000462198    0.99996129065390859658     8703503.9112430028617
                       -0                        -0                        -0                         1

   0.51930857019946952136   -0.85452775865808539013   0.010045825011984275965    -748727467.65910470486
   0.85456466150751064781    0.51934385763868573527  0.0010939997817769157862    -1825257490.7471404076
-0.0061520906963813707866  0.0080166835884569222215    0.99994894097864128746      9511087.123134098947
                       -0                        -0                        -0                         1

    0.5272464720632191737   -0.84966809364699247276  0.0086768851078720139053    -765692916.47164726257
   0.84969410688901758633    0.52727463374385363792  0.0011769997282446459808    -1818209560.4957644939
-0.0055751605326113699498  0.0067521291879755690815    0.99996166243334794199     8776383.0870028231293
                       -0                        -0                        -0                         1

